1000
80 46 30
0 55 55
11 83 30
91 10 23
79 13 6
87 93 35
23 7 57
3 82 67
29 2 60
71 52 15
60 86 100
8 20 80
65 69 32
73 6 68
29 25 59
81 3 94
16 12 2
13 15 91
86 22 44
90 22 23
68 47 78
80 78 67
97 40 88
16 48 34
8 7 32
52 68 7
99 70 86
20 56 69
18 61 15
97 7 12
47 52 75
97 24 78
4 79 33
83 56 97
0 92 67
29 21 89
42 67 14
13 69 20
6 57 10
46 69 58
39 72 57
38 27 52
1 55 20
98 85 64
6 74 32
65 81 74
38 91 22
97 44 64
19 78 93
30 74 67
66 69 9
94 6 97
17 81 100
32 43 54
4 95 82
19 41 36
5 5 86
38 87 35
7 95 21
38 96 19
50 58 100
81 30 41
85 2 99
96 46 9
2 9 3
35 57 4
39 5 87
33 20 79
90 76 61
21 61 42
19 32 19
12 7 78
25 43 2
0 30 70
4 86 31
60 68 69
7 34 65
6 10 20
22 75 38
12 59 63
92 80 87
42 4 54
30 5 25
39 68 98
55 94 47
38 18 100
31 86 25
28 13 37
61 65 100
43 81 99
47 27 41
93 40 71
4 8 40
84 74 99
89 8 11
63 42 23
48 100 7
34 44 71
99 3 95
56 91 37
100 54 94
83 39 80
88 58 41
13 63 44
63 39 40
28 89 30
7 21 17
55 4 97
85 84 21
3 31 48
15 81 62
24 60 67
100 9 27
31 9 97
74 24 4
81 13 32
5 36 8
22 28 37
12 9 17
31 43 35
48 16 37
47 8 15
15 72 4
63 73 6
23 65 87
52 39 2
45 24 7
93 79 38
54 69 77
75 36 52
58 20 9
88 98 52
73 9 85
20 46 63
67 19 16
15 27 85
51 39 32
77 91 2
77 75 10
13 35 36
81 38 43
1 42 57
28 46 55
81 53 85
60 98 27
38 8 35
77 97 48
4 78 15
93 54 6
85 93 63
10 87 38
16 53 10
10 38 38
27 63 72
57 14 13
42 91 58
50 36 93
69 96 28
98 28 93
28 96 15
9 100 8
35 72 76
56 35 42
64 88 26
95 21 59
17 78 67
100 70 91
90 37 82
35 8 16
62 48 83
37 65 24
13 64 55
13 62 100
72 21 28
86 54 55
79 48 76
61 87 41
57 28 81
1 81 66
17 32 44
34 66 96
22 42 25
60 81 24
7 84 93
52 68 11
3 22 39
54 12 86
54 99 95
94 30 1
62 24 38
97 40 45
36 54 38
70 93 6
48 19 14
21 1 14
33 35 34
60 2 68
1 69 27
92 100 81
38 13 28
19 77 96
17 89 70
52 71 98
55 36 81
14 60 30
93 85 66
87 70 20
2 35 88
66 89 30
25 17 18
65 42 19
5 95 26
76 85 40
91 35 47
71 8 8
36 69 53
55 12 25
22 95 30
61 9 64
84 98 25
67 88 33
2 32 95
73 60 73
6 45 79
73 81 29
33 36 11
76 9 32
78 71 68
4 38 5
36 17 39
87 15 84
59 72 79
0 57 27
64 70 73
67 77 35
26 92 27
46 25 23
56 1 93
94 11 37
14 10 10
27 86 68
38 31 43
0 20 25
53 86 23
58 86 97
50 95 41
41 31 52
13 99 9
100 84 31
59 30 95
49 35 2
4 99 54
97 10 17
27 81 7
97 83 99
41 26 27
91 96 80
23 70 19
93 73 87
14 19 22
73 100 14
100 98 41
90 93 62
70 44 46
27 23 72
2 21 41
18 13 17
14 30 25
62 46 8
29 23 13
6 36 66
100 90 10
17 55 29
92 10 71
52 60 75
11 69 57
35 43 32
34 21 80
65 83 43
77 46 98
61 18 70
38 3 52
78 100 69
99 10 38
33 60 68
28 1 34
85 73 67
51 36 99
89 80 48
7 56 41
28 44 77
99 99 99
5 42 25
17 6 40
98 31 67
51 57 31
96 31 25
8 92 17
34 29 37
15 48 19
57 71 100
54 6 54
70 25 2
70 16 5
71 87 7
97 87 65
74 92 31
31 80 31
86 75 33
59 31 96
70 91 100
50 22 39
56 30 6
89 84 47
4 1 83
24 89 95
73 29 39
87 66 72
1 87 71
76 47 70
90 78 19
10 9 17
22 4 96
5 85 97
77 46 25
33 58 9
1 97 39
46 59 25
94 54 91
85 73 70
45 4 63
7 29 92
82 79 96
61 11 30
45 3 87
83 77 98
38 73 58
63 75 34
81 8 37
52 33 14
99 91 5
57 85 91
95 44 79
82 93 96
10 67 92
77 89 75
36 86 34
29 94 95
67 60 99
49 86 5
37 87 64
41 5 75
66 26 38
70 100 38
8 87 8
18 28 91
58 20 22
85 33 65
26 20 90
76 7 28
36 98 30
75 46 17
72 53 57
21 17 22
63 43 23
88 93 40
2 20 12
25 54 15
92 3 36
58 58 81
43 30 26
72 15 93
49 48 55
93 28 75
55 80 45
51 16 84
34 15 71
86 25 64
98 41 60
84 32 46
46 100 80
37 59 59
22 61 99
83 83 38
7 52 33
17 17 24
92 82 14
89 42 1
74 35 78
84 63 23
38 2 57
69 91 72
50 78 61
2 1 3
59 60 85
55 99 81
2 42 20
53 77 48
45 58 69
5 97 10
21 99 3
73 93 3
25 12 74
30 86 56
32 96 39
33 84 61
3 89 85
100 91 42
53 52 65
83 89 31
0 10 42
70 35 40
94 41 86
86 41 9
78 23 25
12 83 57
16 93 89
6 68 91
10 55 27
98 13 29
76 84 67
100 39 9
28 100 1
11 32 65
19 87 86
82 35 76
10 22 75
37 2 41
71 35 27
2 76 15
53 6 61
15 29 66
66 98 21
100 63 3
3 19 75
69 44 38
10 19 4
16 97 9
51 22 21
7 52 70
68 76 65
16 74 2
42 93 80
67 12 75
44 95 98
0 99 43
55 82 21
38 92 85
51 32 31
86 23 47
79 94 60
49 43 41
56 48 75
16 46 80
23 5 33
32 15 55
62 17 79
95 22 15
81 69 83
87 12 14
25 63 58
50 22 62
33 29 79
45 38 11
84 24 17
12 25 45
11 5 82
80 53 38
24 29 11
7 78 53
20 39 43
0 33 60
73 43 35
30 64 33
53 97 9
50 66 61
33 56 65
13 98 74
12 3 26
27 5 38
56 44 57
89 41 20
85 85 71
19 25 7
31 3 8
28 14 70
33 18 17
39 68 89
54 47 14
80 74 70
96 23 25
98 55 70
100 1 1
56 61 7
53 22 1
48 39 20
7 62 58
46 18 82
35 73 75
1 95 53
52 69 42
69 96 3
18 95 60
42 65 78
4 11 83
74 29 63
48 62 3
55 55 17
56 6 32
63 38 11
76 23 47
83 12 56
7 68 97
24 81 77
57 10 21
57 48 78
96 97 9
46 74 16
75 28 25
22 64 65
46 60 87
17 37 79
59 98 12
96 80 66
81 45 30
79 12 10
100 26 16
20 60 5
17 24 45
20 73 83
12 24 3
29 11 42
79 88 11
30 60 84
77 83 58
90 14 81
91 77 4
39 62 19
56 80 4
46 65 73
77 76 20
45 39 5
20 46 39
58 16 65
98 57 37
83 21 71
42 93 63
24 66 29
97 61 94
61 29 41
77 28 9
51 52 94
85 67 94
15 87 67
67 56 15
25 69 7
7 72 10
70 15 34
20 98 70
7 25 48
87 20 40
89 86 90
53 61 85
51 46 69
36 32 85
35 62 33
21 66 14
28 88 81
21 28 21
11 92 53
40 5 31
19 32 69
52 36 12
98 4 46
73 4 82
59 78 24
100 6 31
97 88 98
25 68 86
30 64 56
48 100 27
1 12 64
46 83 61
4 99 34
5 34 58
49 97 30
7 83 47
98 39 27
5 92 68
37 33 18
90 77 46
81 16 88
98 6 75
90 24 63
43 82 18
33 70 76
77 23 24
30 29 57
35 45 55
90 70 34
86 7 52
82 2 69
65 77 35
85 16 71
0 27 62
34 92 69
59 46 2
59 82 94
92 7 98
82 28 71
37 43 86
99 13 4
93 73 82
28 37 95
37 17 62
32 74 85
41 32 82
68 82 88
9 78 90
87 5 14
31 37 19
6 74 68
47 68 48
54 84 33
1 73 59
51 61 55
0 32 79
47 25 9
83 41 63
29 21 13
38 4 40
95 62 96
49 37 81
100 68 14
5 77 17
96 23 79
95 11 94
31 11 66
89 11 13
40 9 35
17 36 76
82 24 95
78 12 26
69 74 98
25 25 97
65 77 89
59 96 91
18 57 73
33 24 78
82 98 10
20 41 6
78 84 95
14 36 81
18 69 54
9 77 77
12 55 55
49 2 81
79 7 62
47 71 80
49 47 74
32 38 20
23 68 11
55 93 15
44 26 6
86 89 75
97 96 54
22 34 52
24 100 35
91 2 82
4 62 87
21 94 36
17 53 33
44 71 96
36 60 91
0 68 90
87 81 48
52 79 8
67 43 20
57 92 78
85 7 21
41 87 80
66 17 16
97 81 53
94 24 53
12 33 57
83 45 78
98 69 74
20 94 40
97 10 91
79 29 41
8 34 45
55 71 46
69 3 81
87 28 17
35 87 31
84 58 56
35 55 63
41 35 64
12 98 95
34 78 66
91 59 33
67 45 63
88 45 37
10 34 82
76 27 10
70 29 55
81 64 71
23 17 75
29 75 87
36 67 58
53 80 34
40 32 40
93 62 88
58 27 76
84 90 42
1 22 6
13 55 55
47 39 84
3 66 73
65 89 98
38 18 74
100 33 89
48 77 79
84 1 80
62 44 84
48 86 21
91 47 20
5 47 66
44 60 67
36 12 28
76 87 22
95 53 33
61 38 36
61 89 91
97 82 93
39 12 84
8 61 3
77 21 90
21 88 44
1 52 5
71 86 34
25 55 35
57 26 71
51 7 31
35 55 45
65 19 26
24 57 38
58 12 24
7 55 85
68 88 5
61 12 61
1 74 53
34 92 25
16 11 38
100 6 94
16 54 82
73 41 26
32 60 75
34 68 35
84 48 1
9 3 8
61 6 25
98 42 24
79 67 41
55 82 52
8 100 13
87 63 16
16 39 79
76 21 60
12 100 82
34 10 100
37 33 85
75 23 60
81 88 84
65 48 46
74 32 16
52 44 12
30 9 85
2 57 53
34 44 91
22 89 58
32 46 61
6 56 93
46 26 68
51 61 95
56 43 8
24 26 19
89 21 73
52 56 84
62 46 1
85 85 34
85 96 27
68 94 26
17 31 57
69 77 100
63 74 95
14 81 78
56 56 52
96 100 18
75 52 73
79 6 30
94 75 65
35 29 87
10 33 21
63 47 47
80 66 44
85 55 91
21 81 30
49 11 58
25 18 17
80 22 42
100 18 7
91 9 77
67 95 83
72 69 8
71 28 11
100 66 13
32 94 82
37 21 1
90 67 82
29 16 45
54 7 5
90 63 36
33 39 73
64 15 25
64 20 30
92 67 54
47 2 34
88 64 68
61 58 61
64 16 62
32 14 83
71 75 25
96 10 58
66 96 69
86 15 32
36 64 15
47 92 81
62 18 5
25 65 34
38 20 36
79 48 79
95 20 58
22 2 57
17 52 13
19 13 36
53 5 47
55 83 24
78 53 78
61 63 52
25 47 39
47 88 70
7 13 96
84 30 23
35 35 60
24 64 84
40 76 92
47 88 38
69 62 92
31 83 25
72 40 83
77 88 1
26 91 40
76 58 19
43 41 16
34 54 33
5 4 81
18 18 95
73 5 80
53 48 96
50 20 90
96 74 56
42 62 90
72 82 11
94 30 67
97 69 86
3 75 98
67 7 97
95 85 81
31 9 89
33 12 86
57 27 68
28 16 5
32 27 27
34 98 65
8 47 90
98 83 39
57 64 92
38 6 39
51 82 15
45 62 57
5 66 37
68 88 23
99 8 69
85 68 41
81 4 75
55 48 15
19 15 33
64 25 83
54 72 3
28 9 52
79 4 33
68 23 92
14 65 87
34 14 7
41 98 74
74 35 91
68 55 29
37 62 67
19 77 72
70 72 24
50 82 26
49 32 95
39 42 75
99 61 22
85 12 5
67 14 93
93 94 28
83 62 4
34 67 6
57 59 38
82 97 70
52 71 59
11 73 54
51 16 83
6 27 73
46 38 10
30 65 81
69 26 21
24 8 15
50 42 68
63 93 100
14 89 2
7 13 7
16 66 92
67 68 52
25 93 2
6 33 77
26 63 84
87 37 94
14 98 61
60 100 78
84 75 56
52 27 39
61 11 61
34 27 91
92 33 47
68 31 60
53 92 12
50 91 58
22 54 16
23 60 91
70 57 74
95 24 55
85 9 98
100 89 79
12 72 15
36 22 35
20 14 88
60 5 38
45 83 96
75 53 41
65 46 89
88 17 100
2 86 38
45 19 56
29 72 80
23 79 47
68 63 40
73 67 79
21 80 63
34 85 73
75 91 13
40 47 81
36 87 6
65 91 93
44 7 12
72 17 12
0 39 48
3 53 40
51 65 58
57 52 31
44 5 97
53 66 72
17 79 13
71 28 4
26 54 1
36 42 44
98 87 25
56 92 59
5 21 40
77 18 99
93 5 46
16 58 42
55 84 13
19 54 59
89 48 41
97 48 53
34 38 11
55 94 27
